0 60 2 0
42 60 2 0
84 60 2 0
126 60 2 0
168 60 2 0
210 60 2 0
252 60 2 0
294 60 2 0
336 60 2 0
378 60 2 0
420 60 2 0
462 60 2 0
504 60 2 0

0 78 1 1
42 78 1 1
84 78 1 1
126 78 1 1
168 78 1 1
210 78 1 1
252 78 1 1
294 78 1 1
336 78 1 1
378 78 1 1
420 78 1 1
462 78 1 1
504 78 1 1

0 96 1 2
42 96 1 2
84 96 1 2
126 96 1 2
168 96 1 2
210 96 1 2
252 96 1 2
294 96 1 2
336 96 1 2
378 96 1 2
420 96 1 2
462 96 1 2
504 96 1 2

0 114 1 3
42 114 1 3
84 114 1 3
126 114 1 3
168 114 1 3
210 114 1 3
252 114 1 3
294 114 1 3
336 114 1 3
378 114 1 3
420 114 1 3
462 114 1 3
504 114 1 3

0 132 1 4
42 132 1 4
84 132 1 4
126 132 1 4
168 132 1 4
210 132 1 4
252 132 1 4
294 132 1 4
336 132 1 4
378 132 1 4
420 132 1 4
462 132 1 4
504 132 1 4

0 150 1 5
42 150 1 5
84 150 1 5
126 150 1 5
168 150 1 5
210 150 1 5
252 150 1 5
294 150 1 5
336 150 1 5
378 150 1 5
420 150 1 5
462 150 1 5
504 150 1 5

