147 42 2 0
189 42 2 0
315 42 2 0
357 42 2 0

126 60 2 0
168 60 1 1
210 60 2 0
294 60 2 0
336 60 1 1
378 60 2 0

105 78 2 0
147 78 1 1
189 78 1 1
231 78 2 0
273 78 2 0
315 78 1 1
357 78 1 1
399 78 2 0

84 96 2 0
126 96 1 1
168 96 1 1
210 96 1 1
252 96 2 0
294 96 1 1
336 96 1 1
378 96 1 1
420 96 2 0

63 114 2 0
105 114 1 1
147 114 1 1
189 114 1 1
231 114 1 1
273 114 1 1
315 114 1 1
357 114 1 1
399 114 1 1
441 114 2 0

63 132 2 0
105 132 1 1
147 132 1 1
189 132 1 1
231 132 1 1
273 132 1 1
315 132 1 1
357 132 1 1
399 132 1 1
441 132 2 0

84 150 2 0
126 150 1 1
168 150 1 1
210 150 1 1
252 150 1 1
294 150 1 1
336 150 1 1
378 150 1 1
420 150 2 0

105 168 2 0
147 168 1 1
189 168 1 1
231 168 1 1
273 168 1 1
315 168 1 1
357 168 1 1
399 168 2 0

126 186 2 0
168 186 1 1
210 186 1 1
252 186 1 1
294 186 1 1
336 186 1 1
378 186 2 0

147 204 2 0
189 204 1 1
231 204 1 1
273 204 1 1
315 204 1 1
357 204 2 0

168 222 2 0
210 222 1 1
252 222 1 1
294 222 1 1
336 222 2 0

189 240 2 0
231 240 1 1
273 240 1 1
315 240 2 0

210 258 2 0
252 258 1 1
294 258 2 0

231 276 2 0
273 276 2 0