42 78 -1 1
84 78 2 0
126 78 2 0
168 78 2 0
210 78 -1 1
294 78 -1 1
336 78 2 0
378 78 2 0
420 78 2 0
462 78 -1 1

42 96 -1 1
84 96 1 3
126 96 1 3
168 96 1 3
210 96 -1 1
294 96 -1 1
336 96 1 3
378 96 1 3
420 96 1 3
462 96 -1 1

42 114 -1 1
84 114 1 3
126 114 1 3
168 114 1 3
210 114 -1 1
294 114 -1 1
336 114 1 3
378 114 1 3
420 114 1 3
462 114 -1 1

42 132 -1 1
84 132 1 3
126 132 1 3
168 132 1 3
210 132 -1 1
294 132 -1 1
336 132 1 3
378 132 1 3
420 132 1 3
462 132 -1 1

42 150 -1 1
84 150 1 2
126 150 1 2
168 150 1 2
210 150 -1 1
294 150 -1 1
336 150 1 2
378 150 1 2
420 150 1 2
462 150 -1 1

42 168 -1 1
84 168 1 2
126 168 1 2
168 168 1 2
210 168 -1 1
294 168 -1 1
336 168 1 2
378 168 1 2
420 168 1 2
462 168 -1 1

42 186 -1 1
84 186 1 2
126 186 1 2
168 186 1 2
210 186 -1 1
294 186 -1 1
336 186 1 2
378 186 1 2
420 186 1 2
462 186 -1 1

42 204 -1 1
84 204 1 1
126 204 1 1
168 204 1 1
210 204 -1 1
294 204 -1 1
336 204 1 1
378 204 1 1
420 204 1 1
462 204 -1 1

42 222 -1 1
84 222 1 1
126 222 1 1
168 222 1 1
210 222 -1 1
294 222 -1 1
336 222 1 1
378 222 1 1
420 222 1 1
462 222 -1 1

42 240 -1 1
84 240 1 1
126 240 1 1
168 240 1 1
210 240 -1 1
294 240 -1 1
336 240 1 1
378 240 1 1
420 240 1 1
462 240 -1 1

42 258 -1 1
84 258 -1 1
126 258 -1 1
168 258 -1 1
210 258 -1 1
294 258 -1 1
336 258 -1 1
378 258 -1 1
420 258 -1 1
462 258 -1 1